DATE : 17/07/2024 TIME : 23:07:28
WEIGHT : 75 HEIGHT : 1.8 BMI : 23.148148148148145
DATE : 17/07/2024 TIME : 23:07:47
WEIGHT : 70 HEIGHT : 1.8 BMI : 21.604938271604937
